0 1 1
(0,0)

1 2 1
(0,0)(0,1)
(2,0)
2 3 1
(0,0)(0,1)(0,2)
(3,0)(2,1)
3 4 1
(0,0)(0,1)(0,2)(0,3)
(4,0)(3,1)(2,2)
4 2 1
(0,0)(1,0)
(2,0)
5 4 1
(0,0)(0,1)(1,0)(1,1)
(4,0)(2,1)(2,4)
6 6 1
(0,0)(0,1)(0,2)(1,0)(1,1)(1,2)
(6,0)(4,1)(2,2)(3,4)(2,5)
7 8 1
(0,0)(0,1)(0,2)(0,3)(1,0)(1,1)(1,2)(1,3)
(8,0)(6,1)(4,2)(2,3)(4,4)(3,5)(2,6)
8 3 1
(0,0)(1,0)(2,0)
(3,0)(2,4)
9 6 1
(0,0)(0,1)(1,0)(1,1)(2,0)(2,1)
(6,0)(3,1)(4,4)(2,5)(2,8)
10 9 1
(0,0)(0,1)(0,2)(1,0)(1,1)(1,2)(2,0)(2,1)(2,2)
(9,0)(6,1)(3,2)(6,4)(4,5)(2,6)(3,8)(2,9)
11 12 1
(0,0)(0,1)(0,2)(0,3)(1,0)(1,1)(1,2)(1,3)(2,0)(2,1)(2,2)(2,3)
(12,0)(9,1)(6,2)(3,3)(8,4)(6,5)(4,6)(2,7)(4,8)(3,9)(2,10)
12 4 1
(0,0)(1,0)(2,0)(3,0)
(4,0)(3,4)(2,8)
13 8 1
(0,0)(0,1)(1,0)(1,1)(2,0)(2,1)(3,0)(3,1)
(8,0)(4,1)(6,4)(3,5)(4,8)(2,9)(2,12)
14 12 1
(0,0)(0,1)(0,2)(1,0)(1,1)(1,2)(2,0)(2,1)(2,2)(3,0)(3,1)(3,2)
(12,0)(8,1)(4,2)(9,4)(6,5)(3,6)(6,8)(4,9)(2,10)(3,12)(2,13)
15 16 1
(0,0)(0,1)(0,2)(0,3)(1,0)(1,1)(1,2)(1,3)(2,0)(2,1)(2,2)(2,3)(3,0)(3,1)(3,2)(3,3)
(16,0)(12,1)(8,2)(4,3)(12,4)(9,5)(6,6)(3,7)(8,8)(6,9)(4,10)(2,11)(4,12)(3,13)(2,14)
